-273.0
-272.0
-271.0
-270.0
-269.0
-268.0
-267.0
-267.0
-267.0
-267.0
-267.0
-266.0
-265.0
-264.0
-263.0
-262.0
-261.0
-260.0
-259.0
-258.0
-257.0
112.6
113.5
114.1
120.9
121.4
122.1
130.4
232.0
232.5
241.4
250.8
300.2
300.2
300.2
300.2
300.2
300.2
300.2
300.2
300.2
300.2
300.2
300.2
300.2
300.2
300.2
300.2
300.2
300.2
300.2
300.2
300.2
300.2
300.2
300.2
300.2
300.2
300.2
300.2
300.2
300.2
300.2
300.2
300.2
300.2
300.2
300.2
300.2
300.2
300.2
300.2
300.2
300.2
300.2
300.2
300.2
300.2
300.2
300.2
300.2
300.2
300.2
300.2
300.2
300.2
300.2
300.2
300.2
300.2
300.2
300.2
300.2
300.2
300.2
300.2
300.2
300.2
300.2
300.2
300.2
300.2
300.2
300.2
300.2
300.2
300.2
300.2
300.2
300.2
300.2
300.2
300.2
300.2
300.2
300.2
300.2
300.2
300.2
300.2
300.2
300.2
300.2
300.2
300.2
300.2
300.2
300.2
300.2
300.2
300.2
300.2
300.2
300.2
300.2
300.2
300.2
300.2
300.2
300.2
300.2
300.2
300.2
300.2
300.2
300.2
300.2
300.2
300.2
300.2
300.2
300.2
300.2
300.2
300.2
300.2
300.2
300.2
300.2
300.2
300.2
300.2
300.2
300.2
300.2
300.2
300.2
300.2
300.2
300.2
300.2
300.2
300.2
300.2
300.2
300.2
300.2
300.2
300.2
300.2
300.2
300.2
300.2
300.2
300.2
300.2
300.2
300.2
300.2
300.2
300.2
300.2
300.2
300.2
300.2
300.2
300.2
300.2
300.2
300.2
300.2
300.2
300.2
300.2
300.2
300.2
300.2
300.2
300.2
300.2
300.2
300.2
300.2
300.2
300.2
300.2
300.2
300.2
300.2
300.2
300.2
300.2
300.2
300.2
300.2
300.2
300.2
300.2
300.2
300.2
300.2
300.2
300.2
300.2
300.2
300.2
300.2
300.2
300.2
300.2
300.2
300.2
300.2
300.2
300.2
300.2
300.2
300.2
300.2
300.2
300.2
300.2
300.2
300.2
300.2
300.2
300.2
300.2
300.2
300.2
300.2
300.2
300.2
300.2
300.2
300.2
300.2
300.2
300.2
300.2
300.2
300.2
300.2
300.2
300.2
300.2
300.2
300.2
300.2
300.2
300.2
300.2
300.2
300.2
300.2
300.2
300.2
300.2
300.2
300.2
300.2
300.2
300.2
300.2
300.2
300.2
300.2
300.2
300.2
300.2
300.2
300.2
300.2
300.2
300.2
300.2
300.2
300.2
300.2
300.2
300.2
300.2
300.2
300.2
300.2
300.2
300.2
300.2
300.2
300.2
300.2
300.2
300.2
300.2
300.2
300.2
300.2
300.2
300.2
300.2
300.2
300.2
300.2
300.2
300.2
300.2
300.2
300.2
300.2
300.2
300.2
300.2
300.2
300.2
300.2
300.2
300.2
300.2
300.2
300.2
300.2
300.2
300.2
300.2
300.2
300.2
300.2
300.2
300.2
300.2
300.2
300.2
300.2
300.2
300.2
300.2
300.2
300.2
300.2
300.2
300.2
300.2
300.2
300.2
300.2
300.2
300.2
300.2
300.2
300.2
300.2
300.2
300.2
300.2
300.2
300.2
300.2
300.2
300.2
300.2
300.2
300.2
300.2
300.2
300.2
300.2
300.2
300.2
300.2
300.2
300.2
300.2
300.2
300.2
300.2
300.2
300.2
300.2
300.2
300.2
300.2
300.2
300.2
300.2
300.2
300.2
300.2
300.2
300.2
300.2
300.2
300.2
300.2
300.2
300.2
300.2
300.2
300.2
300.2
300.2
300.2
300.2
300.2
300.2
300.2
300.2
300.2
300.2
300.2
300.2
300.2
300.2
300.2
300.2
300.2
300.2
300.2
300.2
300.2
300.2
300.2
300.2
300.2
300.2
300.2
300.2
300.2
300.2
300.2
300.2
300.2
300.2
300.2
300.2
300.2
300.2
300.2
300.2
300.2
300.2
300.2
300.2
300.2
300.2
300.2
300.2
300.2
300.2
300.2
300.2
300.2
300.2
300.2
300.2
300.2
300.2
300.2
300.2
300.2
300.2
300.2
300.2
300.2
300.2
300.2
300.2
300.2
300.2
300.2
300.2
300.2
300.2
300.2
300.2
300.2
300.2
300.2
300.2
300.2
300.2
300.2
300.2
300.2
300.2
300.2
300.2
300.2
300.2
300.2
300.2
300.2
300.2
300.2
300.2
300.2
300.2
300.2
300.2
300.2
300.2
300.2
300.2
300.2
300.2
300.2
300.2
300.2
300.2
300.2
300.2
300.2
300.2
300.2
300.2
300.2
300.2
300.2
300.2
300.2
300.2
300.2
300.2
300.2
300.2
300.2
300.2
300.2
300.2
300.2
300.2
300.2
300.2
300.2
300.2
300.2
300.2
300.2
300.2
300.2
300.2
300.2
300.2
300.2
300.2
300.2
300.2
300.2
300.2
300.2
300.2
300.2
300.2
300.2
300.2
300.2
300.2
300.2
300.2
300.2
300.2
300.2
300.2
300.2
300.2
300.2
300.2
300.2
300.2
300.2
300.2
300.2
300.2
300.2
300.2
300.2
300.2
300.2
300.2
300.2
300.2
300.2
300.2
300.2
300.2
300.2
300.2
300.2
300.2
300.2
300.2
300.2
300.2
300.2
300.2
300.2
300.2
300.2
300.2
300.2
300.2
300.2
300.2
300.2
300.2
300.2
300.2
300.2
300.2
300.2
300.2
300.2
300.2
300.2
300.2
300.2
300.2
300.2
300.2
300.2
300.2
300.2
300.2
300.2
300.2
300.2
300.2
300.2
300.2
300.2
300.2
300.2
300.2
300.2
300.2
300.2
300.2
300.2
300.2
300.2
300.2
300.2
300.2
300.2
300.2
300.2
300.2
300.2
300.2
300.2
300.2
300.2
300.2
300.2
300.2
300.2
300.2
300.2
300.2
300.2
300.2
300.2
300.2
300.2
300.2
300.2
300.2
300.2
300.2
300.2
300.2
300.2
300.2
300.2
300.2
300.2
300.2
300.2
300.2
300.2
300.2
300.2
300.2
300.2
300.2
300.2
300.2
300.2
300.2
300.2
300.2
300.2
300.2
300.2
300.2
300.2
300.2
300.2
300.2
300.2
300.2
300.2
300.2
300.2
300.2
300.2
300.2
300.2
300.2
300.2
300.2
300.2
300.2
300.2
300.2
300.2
300.2
300.2
300.2
300.2
300.2
300.2
300.2
300.2
300.2
300.2
300.2
300.2
300.2
300.2
300.2
300.2
300.2
300.2
300.2
300.2
300.2
300.2
300.2
300.2
300.2
300.2
300.2
300.2
300.2
300.2
300.2
300.2
300.2
300.2
300.2
300.2
300.2
300.2
300.2
300.2
300.2
300.2
300.2
300.2
300.2
300.2
300.2
300.2
300.2
300.2
300.2
300.2
300.2
300.2
300.2
300.2
300.2
300.2
300.2
300.2
300.2
300.2
300.2
300.2
300.2
300.2
300.2
300.2
300.2
300.2
300.2
300.2
300.2
300.2
300.2
300.2
300.2
300.2
300.2
300.2
300.2
300.2
300.2
300.2
300.2
300.2
300.2
300.2
300.2
300.2
300.2
300.2
300.2
300.2
300.2
300.2
300.2
300.2
300.2
300.2
300.2
300.2
300.2
300.2
300.2
300.2
300.2
300.2
300.2
300.2
300.2
300.2
300.2
300.2
300.2
300.2
300.2
300.2
300.2
300.2
300.2
300.2
300.2
300.2
300.2
300.2
300.2
300.2
300.2
300.2
300.2
300.2
300.2
300.2
300.2
300.2
300.2
300.2
300.2
300.2
300.2
300.2
300.2
300.2
300.2
300.2
300.2
300.2
300.2
300.2
300.2
300.2
300.2
300.2
300.2
300.2
300.2
300.2
300.2
300.2
300.2
300.2
300.2
300.2
300.2
300.2
300.2
300.2
300.2
300.2
300.2
300.2
300.2
300.2
300.2
300.2
300.2
300.2
300.2
300.2
300.2
300.2
300.2
300.2
300.2
300.2
300.2
300.2
300.2
300.2
300.2
300.2
300.2
300.2
300.2
300.2
300.2
300.2
300.2
300.2
300.2
300.2
300.2
300.2
300.2
300.2
300.2
300.2
300.2
300.2
300.2
300.2
300.2
300.2
300.2
300.2
300.2
300.2
300.2
300.2
300.2
300.2
300.2
300.2
300.2
300.2
300.2
300.2
300.2
300.2
300.2
300.2
300.2
300.2
300.2
300.2
300.2
300.2
300.2
300.2
300.2
300.2
300.2
300.2
300.2
300.2
300.2
300.2
300.2
300.2
300.2
300.2
300.2
300.2
300.2
300.2
300.2
300.2
300.2
300.2
300.2
300.2
300.2
300.2
300.2
300.2
300.2
300.2
300.2
300.2
300.2
300.2
300.2
300.2
300.2
300.2
300.2
300.2
300.2
300.2
300.2
300.2
300.2
300.2
300.2
465.3
500.0
500.0