-272.0
300.2
300.2
300.2
300.2
300.2
300.2
300.2
300.2
300.2
300.2
-270.0
300.2
300.2
300.2
300.2
300.2
300.2
300.2
300.2
300.2
-271.0
300.2
300.2
300.2
300.2
300.2
300.2
-269.0
-268.0
-267.0
-267.0
-266.0
-265.0
-262.0
-261.0
-267.0
-267.0
-267.0
-260.0
-259.0
-258.0
-257.0
112.6
113.5
300.2
300.2
300.2
300.2
300.2
300.2
300.2
130.4
300.2
300.2
300.2
300.2
300.2
300.2
300.2
300.2
232.0
241.4
300.2
300.2
300.2
300.2
300.2
300.2
300.2
300.2
300.2
300.2
300.2
300.2
300.2
300.2
300.2
300.2
300.2
300.2
300.2
300.2
300.2
300.2
300.2
300.2
300.2
300.2
300.2
300.2
300.2
300.2
300.2
300.2
300.2
300.2
300.2
300.2
300.2
-264.0
300.2
300.2
300.2
300.2
300.2
300.2
300.2
300.2
300.2
300.2
300.2
114.1
120.9
300.2
300.2
300.2
300.2
300.2
300.2
300.2
300.2
300.2
300.2
300.2
300.2
300.2
300.2
300.2
300.2
300.2
300.2
300.2
-263.0
300.2
300.2
300.2
300.2
300.2
300.2
300.2
300.2
300.2
300.2
300.2
300.2
300.2
-273.0
300.2
300.2
300.2
300.2
300.2
300.2
300.2
300.2
300.2
300.2
300.2
300.2
300.2
300.2
300.2
300.2
300.2
300.2
300.2
300.2
300.2
300.2
300.2
300.2
300.2
300.2
300.2
300.2
121.4
122.1
300.2
300.2
300.2
300.2
300.2
300.2
300.2
300.2
300.2
300.2
300.2
300.2
300.2
300.2
300.2
300.2
300.2
300.2
300.2
300.2
300.2
300.2
300.2
300.2
300.2
300.2
300.2
300.2
300.2
300.2
300.2
300.2
300.2
300.2
300.2
300.2
300.2
300.2
300.2
300.2
300.2
300.2
300.2
300.2
300.2
300.2
300.2
300.2
300.2
300.2
300.2
300.2
300.2
300.2
300.2
300.2
300.2
300.2
300.2
300.2
300.2
300.2
300.2
300.2
300.2
300.2
300.2
300.2
300.2
300.2
300.2
300.2
300.2
300.2
300.2
300.2
300.2
300.2
300.2
300.2
300.2
300.2
300.2
300.2
300.2
300.2
300.2
300.2
300.2
300.2
300.2
300.2
300.2
300.2
300.2
300.2
300.2
300.2
300.2
300.2
300.2
300.2
300.2
300.2
300.2
300.2
300.2
232.5
250.8
300.2
300.2
300.2
300.2
300.2
300.2
300.2
300.2
300.2
300.2
300.2
300.2
300.2
300.2
300.2
300.2
300.2
300.2
300.2
300.2
300.2
300.2
300.2
300.2
300.2
300.2
300.2
300.2
300.2
300.2
300.2
300.2
300.2
300.2
300.2
300.2
300.2
300.2
300.2
300.2
300.2
300.2
300.2
300.2
300.2
300.2
300.2
300.2
300.2
300.2
300.2
300.2
300.2
300.2
300.2
300.2
300.2
300.2
300.2
300.2
300.2
300.2
300.2
300.2
300.2
300.2
300.2
300.2
300.2
300.2
300.2
300.2
300.2
300.2
300.2
300.2
300.2
300.2
300.2
300.2
300.2
300.2
300.2
300.2
300.2
300.2
300.2
300.2
300.2
300.2
300.2
300.2
300.2
300.2
300.2
300.2
300.2
300.2
300.2
465.3
500.0
300.2
300.2
300.2
300.2
300.2
300.2
300.2
300.2
300.2
300.2
300.2
300.2
300.2
300.2
500.0
300.2
300.2
300.2
300.2
300.2
300.2
300.2
300.2
300.2
300.2
300.2
300.2
300.2
300.2
300.2
300.2
300.2
300.2
300.2
300.2
300.2
300.2
300.2
300.2
300.2
300.2
300.2
300.2
300.2
300.2
300.2
300.2
300.2
300.2
300.2
300.2
300.2
300.2
300.2
300.2
300.2
300.2
300.2
300.2
300.2
300.2
300.2
300.2
300.2
300.2
300.2
300.2
300.2
300.2
300.2
300.2
300.2
300.2
300.2
300.2
300.2
300.2
300.2
300.2
300.2
300.2
300.2
300.2
300.2
300.2
300.2
300.2
300.2
300.2
300.2
300.2
300.2
300.2
300.2
300.2
300.2
300.2
300.2
300.2
300.2
300.2
300.2
300.2
300.2
300.2
300.2
300.2
300.2
300.2
300.2
300.2
300.2
300.2
300.2
300.2
300.2
300.2
300.2
300.2
300.2
300.2
300.2
300.2
300.2
300.2
300.2
300.2
300.2
300.2
300.2
300.2
300.2
300.2
300.2
300.2
300.2
300.2
300.2
300.2
300.2
300.2
300.2
300.2
300.2
300.2
300.2
300.2
300.2
300.2
300.2
300.2
300.2
300.2
300.2
300.2
300.2
300.2
300.2
300.2
300.2
300.2
300.2
300.2
300.2
300.2
300.2
300.2
300.2
300.2
300.2
300.2
300.2
300.2
300.2
300.2
300.2
300.2
300.2
300.2
300.2
300.2
300.2
300.2
300.2
300.2
300.2
300.2
300.2
300.2
300.2
300.2
300.2
300.2
300.2
300.2
300.2
300.2
300.2
300.2
300.2
300.2
300.2
300.2
300.2
300.2
300.2
300.2
300.2
300.2
300.2
300.2
300.2
300.2
300.2
300.2
300.2
300.2
300.2
300.2
300.2
300.2
300.2
300.2
300.2
300.2
300.2
300.2
300.2
300.2
300.2
300.2
300.2
300.2
300.2
300.2
300.2
300.2
300.2
300.2
300.2
300.2
300.2
300.2
300.2
300.2
300.2
300.2
300.2
300.2
300.2
300.2
300.2
300.2
300.2
300.2
300.2
300.2
300.2
300.2
300.2
300.2
300.2
300.2
300.2
300.2
300.2
300.2
300.2
300.2
300.2
300.2
300.2
300.2
300.2
300.2
300.2
300.2
300.2
300.2
300.2
300.2
300.2
300.2
300.2
300.2
300.2
300.2
300.2
300.2
300.2
300.2
300.2
300.2
300.2
300.2
300.2
300.2
300.2
300.2
300.2
300.2
300.2
300.2
300.2
300.2
300.2
300.2
300.2
300.2
300.2
300.2
300.2
300.2
300.2
300.2
300.2
300.2
300.2
300.2
300.2
300.2
300.2
300.2
300.2
300.2
300.2
300.2
300.2
300.2
300.2
300.2
300.2
300.2
300.2
300.2
300.2
300.2
300.2
300.2
300.2
300.2
300.2
300.2
300.2
300.2
300.2
300.2
300.2
300.2
300.2
300.2
300.2
300.2
300.2
300.2
300.2
300.2
300.2
300.2
300.2
300.2
300.2
300.2
300.2
300.2
300.2
300.2
300.2
300.2
300.2
300.2
300.2
300.2
300.2
300.2
300.2
300.2
300.2
300.2
300.2
300.2
300.2
300.2
300.2
300.2
300.2
300.2
300.2
300.2
300.2
300.2
300.2
300.2
300.2
300.2
300.2
300.2
300.2
300.2
300.2
300.2
300.2
300.2
300.2
300.2
300.2
300.2
300.2
300.2
300.2
300.2
300.2
300.2
300.2
300.2
300.2
300.2
300.2
300.2
300.2
300.2
300.2
300.2
300.2
300.2
300.2
300.2
300.2
300.2
300.2
300.2
300.2
300.2
300.2
300.2
300.2
300.2
300.2
300.2
300.2
300.2
300.2
300.2
300.2
300.2
300.2
300.2
300.2
300.2
300.2
300.2
300.2
300.2
300.2
300.2
300.2
300.2
300.2
300.2
300.2
300.2
300.2
300.2
300.2
300.2
300.2
300.2
300.2
300.2
300.2
300.2
300.2
300.2
300.2
300.2
300.2
300.2
300.2
300.2
300.2
300.2
300.2
300.2
300.2
300.2
300.2
300.2
300.2
300.2
300.2
300.2
300.2
300.2
300.2
300.2
300.2
300.2
300.2
300.2
300.2
300.2
300.2
300.2
300.2
300.2
300.2
300.2
300.2
300.2
300.2
300.2
300.2
300.2
300.2
300.2
300.2
300.2
300.2
300.2
300.2
300.2
300.2
300.2
300.2
300.2
300.2
300.2
300.2
300.2
300.2
300.2
300.2
300.2
300.2
300.2
300.2
300.2
300.2
300.2
300.2
300.2
300.2
300.2
300.2
300.2
300.2
300.2
300.2
300.2
300.2
300.2
300.2
300.2
300.2
300.2
300.2
300.2
300.2
300.2
300.2
300.2
300.2
300.2
300.2
300.2
300.2
300.2
300.2
300.2
300.2
300.2
300.2
300.2
300.2
300.2
300.2
300.2
300.2
300.2
300.2
300.2
300.2
300.2
300.2
300.2
300.2
300.2
300.2
300.2
300.2
300.2
300.2
300.2
300.2
300.2
300.2
300.2
300.2
300.2
300.2
300.2
300.2
300.2
300.2
300.2
300.2
300.2
300.2
300.2
300.2
300.2
300.2
300.2
300.2
300.2
300.2
300.2
300.2
300.2
300.2
300.2
300.2
300.2
300.2
300.2
300.2
300.2
300.2
300.2
300.2
300.2
300.2
300.2
300.2
300.2
300.2
300.2
300.2
300.2
300.2
300.2
300.2
300.2
300.2
300.2